0.418692
1.66275
0.626281
1.0495
0.0396968
1.58151
1.36301
1.92093
0.474397
2.62042
1.40799
-0.195707
2.09462
0.366468
1.75265
1.20574
1.43053
0.600492
1.20968
1.11334
1.49154
0.219217
1.70708
0.698278
1.62171
-1.57605
0.644047
-0.0454979
0.792997
1.73441
-0.885016
2.35001
0.879899
-0.039079
0.143995
0.1
0.0730227
-0.419954
3.77378
-0.0395164
1.52285
0.822209
2.06994
2.80373
0.732775
0.185171
1.45046
2.32658
2.69838
1.7028
-0.15648
2.01582
1.3829
1.3829
0.258726
0.609068
1.82277
0.319478
1.83444
0.1
-0.331316
0.49082
2.74756
1.90576
2.63678
1.71287
1.52544
3.45601
-1.24041
2.41916
0.923043
0.4818
0.633786
1.08452
0.1
1.51594
1.73437
0.627869
3.35152
0.716246
0.325017
2.30947
3.37734
1.0517
0.306387
0.521516
0.1
1.73012
1.08949
0.90239
1.47275
0.133357
-2.19583
0.1
0.25567
0.581399
0.414721
1.14735
1.0327
-1.077
0.513003
2.14659
0.0467314
1.97143
0.701321
0.361055
0.0939082
2.88888
-0.668903
0.1
1.58441
-0.552365
0.236803
2.36473
1.85667
0.863319
1.3428
1.43381
1.08145
0.235898
1.04436
-0.417201
0.955075
0.625711
1.82373
2.11188
0.344535
1.68248
0.414722
0.740642
-1.77865
-0.0700115
0.414395
4.06257
-0.537962
0.540634
0.35117
-0.00617384
-0.200842
-0.163376
-0.467283
1.97393
2.53208
0.1
0.1
2.2068
2.16364
1.46027
2.19801
-0.263391
1.14431
0.64733
0.730195
0.1
-0.00110826
0.897584
0.763359
1.36336
0.1245
0.382014
4.13854
2.91491
1.3055
2.25681
1.82625
3.2606
1.0146
0.1
1.05664
1.58434
0.1
1.08967
-0.27921
-1.08387
0.1
-1.35303
0.822688
0.314242
0.343321
0.1
1.50109
0.729726
3.33586
1.67366
0.1
0.313172
0.803174
0.341285
-0.173133
0.776513
0.143902
-0.0270858
1.55764
1.08578
1.42063
0.1
3.10685
0.222462
-1.32974
-4.6775
-7.87801
-6.17733
-3.22806
-5.818
-4.49994
-3.78533
-7.09638
-6.63655
-7.89456
-9.12867
-8.79052
-8.31971
-6.3621
-6.35516
-7.5233
-6.24314
-6.07485
-4.24228
-5.92475
-5.49648
-3.97534
-6.19083
-5.31381
-6.88554
-1.57759
0.045617
0.464165
0.0376406
-0.288532
-0.276618
-0.982068
-2.11101
1.45252
-0.952713
2.02017
-0.270756
1.01769
1.56725
-0.918304
-1.13786
-1.13964
-0.483861
-0.406781
-1.03968
-0.918175
-0.330698
0.158864
-0.26319
0.874359
-1.77858
-0.0615316
-1.50185
1.25942
-0.628227
0.899537
0.733987
-0.677743
2.23479
-1.23494
-0.0583104
0.0102146
-0.463745
-0.0247237
-1.12561
1.48949
-0.538787
0.730968
-0.701583
2.28962
-0.269641
1.24757
-0.171605
-0.317427
-0.0763786
-0.100223
0.295236
0.982104
-0.85943
-0.584029
-0.00916782
2.16167
-0.265399
-2.42311
-1.16775
-0.493603
-0.295454
-1.50732
1.0543
-0.0583104
0.53152
-0.444272
-0.346763
-0.329243
-0.560166
1.79191
-0.353322
0.0797703
-1.09349
-0.230494
-0.430231
-0.189839
-0.183576
-0.396326
-0.100526
-1.42758
2.4108
-0.14906
-0.266567
1.69706
-0.976006
-0.289367
-0.0816835
-0.0192316
0.0777175
-0.57167
-0.535092
-0.901432
-0.524703
-1.7575
-0.210591
-0.231946
-1.36062
0.0814157
-0.321934
-0.0816835
-0.252294
0.051496
-0.307003
1.86598
-0.26088
-0.140598
0.00766416
0.051496
-0.216636
-0.654456
0.0460696
0.0814157
-0.352324
-0.984431
-0.0132652
-0.569715
-0.42503
-0.142384
0.0887986
-0.120864
-1.2224
-2.89469
-0.15548
-0.0222825
-1.00758
-0.957002
-0.469471
-0.0970667
-0.59256
-0.318835
-0.792777
0.135957
-0.54988
-0.708103
-0.519665
0.723032
-0.868677
-0.062573
0.364157
1.44455
-0.330661
-0.899517
-0.0239441
-0.561165
-0.381672
-0.173657
0.0177615
-0.0742407
-2.21648
-1.21271
-0.272032
-0.430256
-0.320653
-0.405114
-1.66244
-0.374725
-0.819242
-1.48566
-1.48381
-0.558745
3.82278
3.69134
-0.123788
1.8837
-0.83123
-0.597922
-0.346856
-0.0631492
-0.473142
-0.163003
-0.829026
-0.314647
-0.756798
-0.468636
-0.17816
-0.430097
-0.363688
-1.11562
-0.682008
-1.03729
-1.4915
-0.153237
-0.489171
-0.461714
0.0253317
-2.15748
-0.0677585
0.0484662
-0.908023
-1.6013
-0.106296
0.0358255
-0.961506
-0.306058
-0.37521
-0.910559
-1.5303
-0.537213
1.08623
-0.510215
-0.12319
-0.238473
-0.135129
-1.78552
-0.311675
-1.85428
-0.814302
0.0451719
-0.0587915
-0.479424
-0.421162
0.0177615
-0.210103
-2.08349
-0.935212
-0.193598
-0.672256
-0.382109
-0.10493
-0.0708856
-0.0477136
-0.346903
-1.63713
0.02265
-1.09299
-0.110228
1.70177
-0.010077
0.0177615
-0.259829
0.0278457
-0.296383
-0.396147
-0.0605153
-0.115638
-0.278277
-0.00818995
-0.210775
-0.745761
0.0253317
-0.510227
-0.309537
-0.621021
-0.115005
-0.194956
-1.68481
-0.751371
0.0934725
-0.135403
0.0773834
-0.216715
-0.129286
-0.907826
2.52304
-0.044316
-0.492006
-0.216583
-0.681292
-0.865414
-0.576969
-0.983428
0.068327
0.00668801
-0.976065
0.0177615
1.22003
-0.20646
0.0654545
-2.42062
0.0177615
-0.247361
0.0534169
-0.184838
-0.824098
-1.07419
0.0224952
0.448069
-0.893729
-0.618893
-0.139367
-0.605734
-0.0496183
-0.301209
-0.203553
0.0887986
-0.526789
-1.22167
-0.434057
-0.0013787
0.0887986
-0.0349679
0.0887986
-0.159034
0.0759243
0.0859746
-0.0415589
-0.0415589
-0.547147
-0.105497
-1.35782
-1.09193
-1.33954
-2.05173
-0.914796
-1.83605
-0.165339
-0.0184621
-2.52984
-0.96815
-0.0224805
-0.0975434
0.0401617
-0.839875
0.086986
-0.927667
-0.717721
0.0551529
0.0365149
-0.0174589
-0.649397
0.033489
-0.0199498
-0.566988
-0.0280252
-0.118267
-0.714568
-0.199186
0.0407632
0.0340396
-0.0866568
0.0805401
0.0756009
-0.27312
-0.434281
-0.0257797
-0.0866568
-1.01178
0.0677683
0.0614414
0.086986
-0.0207755
-0.206597
-0.203564
-0.0866568
0.0741345
0.0934725
-0.0625415
0.0279068
0.0656061
-0.323577
-0.0866568
0.0934725
0.0193785
0.0940446
-0.0692964
-0.450772
0.0805401
-2.01141
0.0656061
-0.0692964
0.0340396
-0.000694786
0.0677683
-0.0866568
0.017638
0.0887986
-0.224562
-0.00277409
0.0814157
-1.08146
0.0619933
0.0331649
-0.0866568
0.0643743
0.0619933
0.0530499
0.0656061
-0.0866455
-0.176824
-0.258865
0.0887986
-0.0239441
-0.0229665
0.0191026
3.39449
-0.414337
0.870347
3.00118
-0.996884
1.18522
-1.45074
-0.0468694
0.0596815
-0.878679
-0.475386
0.306232
-0.783145
1.98003
-1.3763
2.10222
1.92962
1.27432
-0.328846
-1.30076
0.75688
0.0598773
0.0177615
-0.078958
-0.924112
-1.58945
0.572511
-0.521356
1.42736
-1.22227
-0.219888
-0.761193
-0.777599
1.9082
-0.182427
0.0356813
0.0902762
-0.876101
-0.87578
-0.78488
-0.234268
-0.0291818
0.0771846
-0.446735
-0.141206
-0.43938
-0.79104
-0.79122
0.020059
-0.120938
-0.145191
0.0902762
-0.526119
0.0719775
0.0270894
-2.65245
-0.59298
-1.014
-1.35196
-0.00632127
-0.497845
-0.0391659
-0.0788052
0.018282
-0.200269
-0.766884
-0.868837
-0.0719405
-0.0595827
-0.191669
-0.403155
-0.028024
-0.18618
-0.106454
-0.0412061
0.0726163
-0.134674
0.0177615
0.0268231
-0.513501
0.0806429
-0.0593685
0.0444932
0.0710985
-0.0994073
-0.22525
0.0769072
0.0489051
0.0710929
0.0548609
0.0902762
0.1
